Camera Matrix
[1, 0, 0;
 0, 1, 0;
 0, 0, 1]

Projector translation
[180.0685665475738;
 67.58668485798057;
 0.06731043885421259]

Projector rotation
[-5.547236458866815;
 -0.2037135007555962;
 -2.097022546450399]

OpenGL Projection Matrix
[0.001041666666666667, 0, 1, 0;
 0, 0.001851851851851852, -1, 0;
 0, 0, -1.02020202020202, -0.202020202020202;
 0, 0, -1, 0]

OpenGL View Matrix
[0.9923864151582379, -0.1190134881616945, 0.03170161896446008, 180.0685665475738;
 0.1228899031482605, 0.9396790816155938, -0.3192198228153842, 67.58668485798057;
 0.008202116409365641, 0.3206852244953926, 0.9471503112372116, 0.06731043885421259;
 0, 0, 0, 1]

